1

0,100000000000000010000000

0,998469027482184250000000	0,000000000000000000000000	0,004196476398640170600000	0,000000000000000000000000
0,000000000000000000000000	0,998469027482184250000000	0,000000000000000000000000	0,004196476398640170600000
0,000000000000000000000000	0,000000000000000000000000	0,995800305717229660000000	0,000000000000000000000000
0,000000000000000000000000	0,000000000000000000000000	0,000000000000000000000000	0,995800305717229660000000

0,004240882243926873100000	0,000005942483187073563500
0,000005942483187073563500	0,004240882243926873100000
0,000000000000000000000000	0,002823475745903020500000
0,002823475745903020500000	0,000000000000000000000000

1,000000000000000000000000	0,000000000000000000000000	0,000000000000000000000000	0,000000000000000000000000
0,000000000000000000000000	1,000000000000000000000000	0,000000000000000000000000	0,000000000000000000000000

0,000000000000000000000000	0,000000000000000000000000
0,000000000000000000000000	0,000000000000000000000000

1,000000000000000000000000	0,000000000000000000000000
0,000000000000000000000000	1,000000000000000000000000

0,125000000000000000000000	0,000000000000000000000000
0,000000000000000000000000	0,125000000000000000000000

0,079999999999999960000000	0,000000000000000000000000
0,000000000000000000000000	0,079999999999999960000000

0,100000000000000010000000	0,000000000000000000000000
0,000000000000000000000000	0,100000000000000010000000

0,367879441171442330000000	0,000000000000000000000000
0,000000000000000000000000	0,367879441171442330000000

1,000000000000000000000000	0,000000000000000000000000
0,000000000000000000000000	1,000000000000000000000000

0,632120558828557670000000	0,000000000000000000000000
0,000000000000000000000000	0,632120558828557670000000

0,000000000000000000000000	0,000000000000000000000000
0,000000000000000000000000	0,000000000000000000000000

0,991208372250432900000000	-0,002931871343091183900000	-0,039456422041845442000000	-0,020171676981312111000000	-0,116518270033084810000000	-1,313940397308359200000000	0,000000000000000000000000	0,000000000000000000000000
-0,002898829110950011700000	0,990742452196312070000000	0,119132067820729400000000	-0,343257295825732280000000	0,948439734842262290000000	-0,877799495984703420000000	0,000000000000000000000000	0,000000000000000000000000
-0,000002849134920901520500	0,000008073954871800702400	-0,635030387399690750000000	-0,000029652801324730268000	0,000086831119841328412000	-0,000039929953658055923000	-0,004728306028476729500000	0,052161071425191385000000
0,000001161248148962174700	0,000015484014531246882000	0,000019681213974136315000	0,174989859472571620000000	0,000160278197079785490000	-0,000174179673737658920000	0,030877256149154438000000	0,008637611376112826500000
0,000000553763284683609800	-0,000028878250072388931000	-0,000037768963052924817000	0,000109366138227470070000	0,998332512212267150000000	0,000284787259761865440000	0,000316694928455342680000	-0,000036779745079271976000
0,000032539589754422958000	0,000021072468690793344000	0,000014685761821223495000	-0,000091107769250132906000	0,000188946782118536120000	0,998615864480468130000000	-0,000182282709187714680000	-0,000290745747394871550000
0,006208549520621378300000	-0,084664707737739431000000	-0,004769184240062787500000	0,032931099680785218000000	-18,747118004236029000000000	9,804464112442193600000000	0,357659286574499910000000	-0,003442903180825348400000
-0,083513080568321532000000	-0,005345190278819855800000	0,001511758650034000400000	0,003538399256707203500000	4,976286319496910700000000	21,736303023819023000000000	-0,003423942694349835100000	0,357891755644669460000000

0,109895346869588700000000	0,036648391788639816000000
0,036235363886875163000000	0,115719347546099250000000
0,000035614186511269023000	-0,000100924435897508830000
-0,000014515601862027190000	-0,000193550181640586110000
-0,000006922041058545125500	0,000360978125904861810000
-0,000406744871930287150000	-0,000263405858634916940000
-0,006411237137795724700000	-0,020683144374405809000000
-0,018563289927796541000000	-0,007392828824286126100000

0,006202877943715035700000	-0,084792041871182652000000	-0,004932549932852423400000	0,033416116333844947000000	-18,748439720866433000000000	9,805839362662945600000000	-0,010220154596942400000000	-0,003442903180825348400000
-0,083526645394694066000000	-0,005320057061653949700000	0,001549742340584403300000	0,003447704953035123700000	4,976561039721066700000000	21,736247905716230000000000	-0,003423942694349835100000	-0,009987685526772873200000

-0,006340342426466437400000	-0,019091467706365620000000
-0,018393729598139855000000	-0,007706994038859952600000
