1

0,100000000000000010000000

0,998469027482184250000000	0,000000000000000000000000	0,004196476398640170600000	0,000000000000000000000000
0,000000000000000000000000	0,998469027482184250000000	0,000000000000000000000000	0,004196476398640170600000
0,000000000000000000000000	0,000000000000000000000000	0,995800305717229660000000	0,000000000000000000000000
0,000000000000000000000000	0,000000000000000000000000	0,000000000000000000000000	0,995800305717229660000000

0,004240882243926873100000	0,000005942483187073563500
0,000005942483187073563500	0,004240882243926873100000
0,000000000000000000000000	0,002823475745903020500000
0,002823475745903020500000	0,000000000000000000000000

1,000000000000000000000000	0,000000000000000000000000	0,000000000000000000000000	0,000000000000000000000000
0,000000000000000000000000	1,000000000000000000000000	0,000000000000000000000000	0,000000000000000000000000

0,000000000000000000000000	0,000000000000000000000000
0,000000000000000000000000	0,000000000000000000000000

1,000000000000000000000000	0,000000000000000000000000
0,000000000000000000000000	1,000000000000000000000000

0,125000000000000000000000	0,000000000000000000000000
0,000000000000000000000000	0,125000000000000000000000

0,079999999999999960000000	0,000000000000000000000000
0,000000000000000000000000	0,079999999999999960000000

0,100000000000000010000000	0,000000000000000000000000
0,000000000000000000000000	0,100000000000000010000000

0,367879441171442330000000	0,000000000000000000000000
0,000000000000000000000000	0,367879441171442330000000

1,000000000000000000000000	0,000000000000000000000000
0,000000000000000000000000	1,000000000000000000000000

0,632120558828557670000000	0,000000000000000000000000
0,000000000000000000000000	0,632120558828557670000000

0,000000000000000000000000	0,000000000000000000000000
0,000000000000000000000000	0,000000000000000000000000

0,992706312674701220000000	-0,001645958217362910100000	0,115882890843376520000000	-0,002057447771703638500000	0,000000000000000000000000	0,000000000000000000000000	0,000000000000000000000000	0,000000000000000000000000
-0,001645958217362913600000	0,992706312674702660000000	-0,002057447771703643300000	0,115882890843378310000000	0,000000000000000000000000	0,000000000000000000000000	0,000000000000000000000000	0,000000000000000000000000
-0,000245083597821446700000	-0,000105235461441885220000	0,998162672984907460000000	-0,000131544326802356590000	0,004196476398640170600000	0,000000000000000000000000	0,002680748853957162500000	0,000003756365793042249200
-0,000105235461441881590000	-0,000245083597821392210000	-0,000131544326802352070000	0,998162672984907460000000	0,000000000000000000000000	0,004196476398640170600000	0,000003756365793042249200	0,002680748853957162500000
-0,000003347610505165367300	-0,000099688118280425857000	-0,000004184513131456711500	-0,000124610147850532400000	0,995800305717229660000000	0,000000000000000000000000	0,000000000000000000000000	0,001784777066339096100000
-0,000099688118280450523000	-0,000003347610505171477000	-0,000124610147850563210000	-0,000004184513131464348300	0,000000000000000000000000	0,995800305717229660000000	0,001784777066339096100000	0,000000000000000000000000
-0,083158669429423515000000	-0,000977393334640499130000	-1,945521022635833700000000	0,070961168402793165000000	-0,800610274604244830000000	0,083834557959307943000000	0,359911216210279380000000	-0,001949963363978292700000
-0,000977393334615148970000	-0,083158669429432466000000	0,070961168401866614000000	-1,945521022634601400000000	0,083834557957931766000000	-0,800610274602834740000000	-0,001949963363978266200000	0,359911216210280720000000

0,091171091566234735000000	0,020574477717036386000000
0,020574477717036431000000	0,091171091566216819000000
0,003063544972768085300000	0,001315443268023565900000
0,001315443268023520600000	0,003063544972767404500000
0,000041845131314567113000	0,001246101478505323800000
0,001246101478505632100000	0,000041845131314643482000
-0,013416243143569741000000	-0,005182586321245157500000
-0,005182586321242664700000	-0,013416243143566346000000

-0,083153122329498064000000	-0,000977392162479861700000	-1,945514088760926800000000	0,070961169867993959000000	-0,800610274604244830000000	0,083834557959307943000000	-0,007968224961162950800000	-0,001949963363978292700000
-0,000977392162454510890000	-0,083153122329507015000000	0,070961169867067408000000	-1,945514088759694400000000	0,083834557957931766000000	-0,800610274602834740000000	-0,001949963363978266200000	-0,007968224961161595900000

-0,013485581892637828000000	-0,005182600973253124700000
-0,005182600973250640500000	-0,013485581892634437000000
