1

0.100000000000000010000000

0.998664435139008710000000	0.000000000000000000000000	0.003548172528609999100000	0.000000000000000000000000
0.000000000000000000000000	0.998373328858393360000000	0.000000000000000000000000	0.003547655173780582600000
0.000000000000000000000000	0.000000000000000000000000	0.996449454545846770000000	0.000000000000000000000000
0.000000000000000000000000	0.000000000000000000000000	0.000000000000000000000000	0.996449454545846770000000

<<<<<<< Updated upstream
0.005301621387731689100000	0.000003265426563762714200
0.000003139528107193268500	0.005230170838365409300000
0.000000000000000000000000	0.001835856940689837700000
0.001765247058355613300000	0.000000000000000000000000
=======
0.005301621387731688186951	0.000003265426563762714217
0.000003139528107193268955	0.005230170838365409344273
0.000000000000000000000000	0.001835856940689837950298
0.001765247058355613480468	0.000000000000000000000000
>>>>>>> Stashed changes

1.000000000000000000000000	0.000000000000000000000000	0.000000000000000000000000	0.000000000000000000000000
0.000000000000000000000000	1.000000000000000000000000	0.000000000000000000000000	0.000000000000000000000000

0.000000000000000000000000	0.000000000000000000000000
0.000000000000000000000000	0.000000000000000000000000

1.000000000000000000000000	0.000000000000000000000000
0.000000000000000000000000	1.000000000000000000000000

0.125000000000000000000000	0.000000000000000000000000
0.000000000000000000000000	0.125000000000000000000000

0.159999999999996590000000	0.000000000000000000000000
0.000000000000000000000000	0.159999999999996590000000

20.000000000000000000000000	0.000000000000000000000000
0.000000000000000000000000	20.000000000000000000000000

<<<<<<< Updated upstream
0.904837418035959520000000	0.000000000000000000000000
0.000000000000000000000000	0.904837418035959520000000
=======
0.904837418035959517581546	0.000000000000000000000000
0.000000000000000000000000	0.904837418035959517581546
>>>>>>> Stashed changes

0.250000000000000000000000	0.000000000000000000000000
0.000000000000000000000000	0.250000000000000000000000

<<<<<<< Updated upstream
0.380650327856161710000000	0.000000000000000000000000
0.000000000000000000000000	0.380650327856161710000000
=======
0.380650327856161707629212	0.000000000000000000000000
0.000000000000000000000000	0.380650327856161707629212
>>>>>>> Stashed changes

0.000000000000000000000000	0.000000000000000000000000
0.000000000000000000000000	0.000000000000000000000000

<<<<<<< Updated upstream
0.828643764561494800000000	-0.001172262371919947400000	0.250000000000000000000000	0.000000000000000000000000	0.000000000000000000000000	0.000000000000000000000000	0.000000000000000000000000	0.000000000000000000000000
-0.001169272561068559100000	0.829730537254142360000000	0.000000000000000000000000	0.250000000000000000000000	0.000000000000000000000000	0.000000000000000000000000	0.000000000000000000000000	0.000000000000000000000000
-0.188373253296879260000000	-0.033636622236833544000000	0.080211972320654246000000	-0.192606825028607540000000	-0.030144514036462081000000	-0.006954033789932013100000	-0.007233559341457651700000	-0.001496405994028721200000
-0.032557062157534539000000	-0.167733339950490780000000	-0.187330411970116160000000	0.188465150194448090000000	-0.006765027172030464400000	-0.026709125058485952000000	-0.001660498496386477100000	-0.006672383072065702000000
-0.011117711771525467000000	-0.058429422802762775000000	-0.065564484839234854000000	-0.284248211347059580000000	0.994081845987700890000000	-0.010619075758275550000000	-0.000581352856837050140000	-0.002341781720722579500000
-0.062229721529606118000000	-0.010894845601326289000000	-0.305772428493740810000000	-0.063962722820017998000000	-0.011217036751939396000000	0.994140303312843200000000	-0.002408167815882181800000	-0.000496861862125077080000
-0.222317970347396640000000	-0.038565720490469434000000	-1.082612016850555100000000	-0.226465194054768060000000	-0.039714825960354666000000	-0.008175736726459336600000	0.990473687052460420000000	-0.001759179613744550400000
-0.037842820339456809000000	-0.200923770750999320000000	-0.223208040432192110000000	-0.967695947077210290000000	-0.008060297706449464200000	-0.036151631436098411000000	-0.001979160398993978300000	0.991027627300296920000000

0.200167050698709550000000	0.003079630532626038200000
0.003071776051406418600000	0.197312008647995170000000
-0.028882957222832406000000	-0.027826576807561350000000
-0.027442006561518961000000	-0.015902420433354783000000
-0.010338651038425245000000	-0.006732501183814299000000
-0.010885340383007369000000	-0.009971408100722009900000
-0.033316191093289801000000	-0.035326543682744384000000
-0.035213686416489545000000	-0.017649260659237276000000

-1.412155877810590500000000	-0.308869252564432100000000	-8.660896134804440600000000	-1.811721552438144500000000	-0.317718607682837330000000	-0.065405893811674692000000	-0.076210503580316530000000	-0.014073436909956404000000
-0.302828260706050180000000	-1.240802512217752000000000	-1.785664323457536900000000	-7.741567576617682400000000	-0.064482381651595713000000	-0.289213051488787290000000	-0.015833283191951826000000	-0.071778981597624664000000

-1.229060907694799600000000	-0.281709976298082640000000
-0.281484355599396830000000	-1.104250273494934000000000
=======
0.828643764561495355103204	-0.001172262371920421196794	0.250000000000000000000000	0.000000000000000000000000	0.000000000000000000000000	0.000000000000000000000000	0.000000000000000000000000	0.000000000000000000000000
-0.001169272561069035262088	0.829730537254140920744305	0.000000000000000000000000	0.250000000000000000000000	0.000000000000000000000000	0.000000000000000000000000	0.000000000000000000000000	0.000000000000000000000000
-0.175637481417773189118492	-0.032361326564986379883404	0.112350019208509399604168	-0.177635233089665472983043	-0.029130959366245337549550	-0.005762976610783389526393	-0.006935409036364093178506	-0.001492009729493859069779
-0.032815991030725813470958	-0.167006685193453185966916	-0.183208442594685050330838	0.183982164050566221469296	-0.006727305965648656786715	-0.026814771474001158901856	-0.001660075758933022335023	-0.006614415124361059869496
-0.011211246460887223583280	-0.058174622671116463235030	-0.064124300603872433357289	-0.285824909524951487060918	0.994094875937796995657436	-0.010656406594345359598042	-0.000581266445167209072631	-0.002321435135054492927831
-0.057989117404078131812195	-0.010470369438515349236329	-0.295072480941275971932924	-0.058976793560786749948122	-0.010879567634972175244057	0.994536904133733745680956	-0.002308894661651683232612	-0.000495410116029091989430
-0.207303768420764034097203	-0.037062828300377735624149	-1.044727987028009286163410	-0.208812108203304425124713	-0.038519989254035554016031	-0.006771539439267774962428	0.990825171685165928536776	-0.001754039589260748474575
-0.038161250275651481533856	-0.200056327984896031857431	-0.218305070450428184702929	-0.973063665766729313233441	-0.008015938483083098059501	-0.036278720709922010478898	-0.001978866218698914145047	0.991096895312203018946207

0.200167050698708021139183	0.003079630532627282857999
0.003071776051407669374388	0.197312008647998859967032
-0.028272307985793013185294	-0.027101072391248072490644
-0.027485792620822391968405	-0.016465290003935151297298
-0.010354147443484399554459	-0.006930226490196401967214
-0.010682007223833958620141	-0.009729724421805729592250
-0.032596273595718983084879	-0.034470843067902282030879
-0.035266442450763005322933	-0.018322397621889877084023

-1.292042262397489427172559	-0.296846115043774005926025	-8.357823896224074289307282	-1.670496865626435400997707	-0.308159914032284432128250	-0.054172315514142199699421	-0.073398626518672405172339	-0.014032316714085987796601
-0.305375700195687049820492	-1.233862970088939192692123	-1.746440563603425477623432	-7.784509326133834505867526	-0.064127507864664784476005	-0.290229765679376083831187	-0.015830929749591313160373	-0.071224837502376098230528

-1.223301567714338622394621	-0.274864371379147487406414
-0.281906403873375677182622	-1.109635369196119158985425
>>>>>>> Stashed changes
