1

0.100000000000000005551115

0.998469027482184245947394	0.000000000000000000000000	0.004196476398640170552001	0.000000000000000000000000
0.000000000000000000000000	0.998469027482184245947394	0.000000000000000000000000	0.004196476398640170552001
0.000000000000000000000000	0.000000000000000000000000	0.995800305717229661262024	0.000000000000000000000000
0.000000000000000000000000	0.000000000000000000000000	0.000000000000000000000000	0.995800305717229661262024

0.004240882243926873129691	0.000005942483187073563500
0.000005942483187073563500	0.004240882243926873129691
0.000000000000000000000000	0.002823475745903020542316
0.002823475745903020542316	0.000000000000000000000000

1.000000000000000000000000	0.000000000000000000000000	0.000000000000000000000000	0.000000000000000000000000
0.000000000000000000000000	1.000000000000000000000000	0.000000000000000000000000	0.000000000000000000000000

0.000000000000000000000000	0.000000000000000000000000
0.000000000000000000000000	0.000000000000000000000000

1.000000000000000000000000	0.000000000000000000000000
0.000000000000000000000000	1.000000000000000000000000

0.125000000000000000000000	0.000000000000000000000000
0.000000000000000000000000	0.125000000000000000000000

0.079999999999999960031971	0.000000000000000000000000
0.000000000000000000000000	0.079999999999999960031971

0.100000000000000005551115	0.000000000000000000000000
0.000000000000000000000000	0.100000000000000005551115

0.367879441171442334024277	0.000000000000000000000000
0.000000000000000000000000	0.367879441171442334024277

1.000000000000000000000000	0.000000000000000000000000
0.000000000000000000000000	1.000000000000000000000000

0.632120558828557665975723	0.000000000000000000000000
0.000000000000000000000000	0.632120558828557665975723

0.000000000000000000000000	0.000000000000000000000000
0.000000000000000000000000	0.000000000000000000000000

0.991381605756727180001064	-0.002351903920518142853541	-0.033742130176953197273626	-0.054661815281407823141624	0.213729142168401803347777	-1.999921220261742682566819	0.000000000000000000000000	0.000000000000000000000000
-0.002400402075442597312621	0.990091586351256269793453	-0.143511347142432132972800	0.150731153850849147746160	-1.464085830200903215470021	-0.914656501425847090480659	0.000000000000000000000000	0.000000000000000000000000
-0.000006910661354394004110	0.000026214078868699426742	-0.033534907442807335153923	-0.745029690708773895124750	-0.000437946573736615980474	-0.000128464636183027409522	0.040385740019165367042930	0.023212794373358176108768
0.000009266777094550758683	0.000020637814855232838553	0.745040095034643079507930	-0.033466624183189977448372	-0.000316519970360470764229	-0.000427081200612063744109	-0.006890493363566575421575	0.035193185688668186805739
0.000000755997251131078587	0.000025933806434376081818	-0.000041905262794039411188	0.000042585757179518079617	0.998174328547505762543324	-0.000295361199104412976580	-0.000263728914710539049521	-0.000009780042862083678607
0.000020077932223455250744	0.000015028419230528744708	-0.000032346361777223377578	0.000013768324086523008414	-0.000204870233093597709124	0.998727585068011736169069	-0.000113906228339229607829	-0.000189242988660975923953
0.005026181149912459407425	-0.083072235134731817196574	-0.000043332770091640939250	-0.013378115826809823182830	23.794980767610717009574728	5.794714741731207929831271	0.357277388478601742871632	-0.002804394484032764374437
-0.083691886080192567920477	-0.003991628965059355015066	0.003545848782383700676518	0.001135846278599802767345	-7.317190786070161045984150	34.621348916498511982808850	-0.002896485116500121907712	0.357881600086584428233039

0.107729928040909819775273	0.029398799006476801498611
0.030005025943032479635031	0.123855170609296114103692
0.000086383266929925092877	-0.000327675985858742985050
-0.000115834713681884534362	-0.000257972685690410622524
-0.000009449965639138487052	-0.000324172580429701168419
-0.000250974152793190751192	-0.000187855240381609402871
-0.003883698059582686972629	-0.019722827557536994069753
-0.018152205450876458814324	-0.006568845925885737242755

0.005010880620537585400376	-0.083121696912037343341062	0.000042279586952429035890	-0.013451638363655244942652	23.795752635750424985872087	5.795585198024240547454156	-0.010602052692840606765157	-0.002804394484032764374437
-0.083712750408992078754444	-0.003942994530401838781941	0.003476409923066951616899	0.001228086105747179003489	-7.318018757507436689024871	34.621288829413799703615950	-0.002896485116500121907712	-0.009997841084857916199580

-0.003692441442396756680344	-0.019104555341217962366462
-0.017891401340882590736969	-0.007176776359104687988411
