0

0.100

-0.033495700000000003249134	-0.745076999999999989299226	0.000000000000000000000000	0.000000000000000000000000
0.745076999999999989299226	-0.033495700000000003249134	0.000000000000000000000000	0.000000000000000000000000
0.000000000000000000000000	0.000000000000000000000000	0.998592999999999952898122	0.000000000000000000000000
0.000000000000000000000000	0.000000000000000000000000	0.000000000000000000000000	0.999333999999999944563456

0.063889299999999996093614	0.036722100000000000574740
-0.010900599999999999872857	0.055674800000000003452616
-0.000417212999999999991415	-0.000015471799999999999827
-0.000180196999999999996067	-0.000299377999999999992210

-0.328419000000000016470381	-0.444392999999999982474463	1.537539999999999906776793	-17.729500000000001591615728
-1.283109999999999972786213	1.326629999999999975912601	-12.959899999999999309352461	-8.594400000000000261479727

0.000000000000000000000000	0.000000000000000000000000
0.000000000000000000000000	0.000000000000000000000000

1.000000000000000000000000	0.000000000000000000000000
0.000000000000000000000000	1.000000000000000000000000

0.250000000000000000000000	0.000000000000000000000000
0.000000000000000000000000	0.250000000000000000000000

0.399999999999999911182158	0.000000000000000000000000
0.000000000000000000000000	0.399999999999999911182158

1.000000000000000000000000	0.000000000000000000000000
0.000000000000000000000000	1.000000000000000000000000

4
1.015992250760809900711479	-1.546419563875695679655564	0.150084650425165944120920	0.523329238713397759674706
0.047145257475241321432069	0.142027564912515974482332	0.162270093504812445983632	0.387692191092383786621411
0.040498703965023120920907	0.780347479475076655219823	0.617624834843386927296649	1.452126369843181663554788
0.000000854134496540022140	-0.000012237629775328025852	-0.000011570350824174360592	-0.000018722016962233038219

-0.747958710182723529591442	-0.179307208630134912175080
0.476954188018738622911741	-0.165717196209408779150607
0.128031250465148238593116	-0.627049937730735029717266
-0.000002369257978209307081	-0.456788973005955001305267

-0.034344801926845532069610	-0.661428582742566106844606	0.248447260105227912818648	-1.615767424242695371461309
-0.037456157854099843274032	0.926624755330497262839629	-0.138537984360750376922056	0.845002856689390235978010

-0.367150509692282134288632	0.108804643777079157462850
-0.167760837856705424808723	0.744363289404800232418324
