0

0.100

0.998664435139008710000000	0.000000000000000000000000	0.003548172528609999100000	0.000000000000000000000000
0.000000000000000000000000	0.998373328858393360000000	0.000000000000000000000000	0.003547655173780582600000
0.000000000000000000000000	0.000000000000000000000000	0.996449454545846770000000	0.000000000000000000000000
0.000000000000000000000000	0.000000000000000000000000	0.000000000000000000000000	0.996449454545846770000000

<<<<<<< Updated upstream
0.003534414258487792400000	0.000002176951042508476600
0.000002093018738128845700	0.003486780558910272800000
0.000000000000000000000000	0.001223904627126558600000
0.001176831372237075500000	0.000000000000000000000000
=======
0.005301621387731688186951	0.000003265426563762714217
0.000003139528107193268955	0.005230170838365409344273
0.000000000000000000000000	0.001835856940689837950298
0.001765247058355613480468	0.000000000000000000000000
>>>>>>> Stashed changes

1.000000000000000000000000	0.000000000000000000000000	0.000000000000000000000000	0.000000000000000000000000
0.000000000000000000000000	1.000000000000000000000000	0.000000000000000000000000	0.000000000000000000000000

0.000000000000000000000000	0.000000000000000000000000
0.000000000000000000000000	0.000000000000000000000000

1.000000000000000000000000	0.000000000000000000000000
0.000000000000000000000000	1.000000000000000000000000

0.250000000000000000000000	0.000000000000000000000000
0.000000000000000000000000	0.250000000000000000000000

0.399999999999999910000000	0.000000000000000000000000
0.000000000000000000000000	0.399999999999999910000000

1.000000000000000000000000	0.000000000000000000000000
0.000000000000000000000000	1.000000000000000000000000

6
<<<<<<< Updated upstream
3.184352237425747100000000	-1.878665726702729600000000	1.135349259614961700000000	-0.239571866374776290000000	0.455600946068458860000000	-0.048780586826241173000000
1.132344576775897100000000	-0.230975292939951890000000	0.252190924853112450000000	0.464759212476454630000000	0.223578386806726650000000	0.203958333389808070000000
-1.927051673854908600000000	1.147272667127265300000000	-0.282663079504610610000000	-0.015053728334722849000000	-0.179127026829891210000000	-0.044253382859782170000000
1.311191909156696800000000	-0.053853123980139778000000	1.458264798657460600000000	0.351225956681794790000000	-0.083562724539388386000000	-0.183854623501991580000000
0.506732278294840580000000	1.615739216774884500000000	2.289138350116279400000000	2.394227888493643400000000	0.883604060477210300000000	0.276125153515853650000000
-1.003160013667991000000000	1.334596567234770400000000	1.821899482478656300000000	1.595321129483659300000000	1.106435907309412500000000	0.377677581145995420000000

-0.087346317382711758000000	0.920333235604013030000000
-0.260746863472164640000000	-0.196264618921438590000000
-0.403398755595735790000000	-0.104521990390235880000000
-0.511315626397814250000000	0.105867968063508040000000
-0.560323300754430600000000	-0.007965111853134136700000
-0.325481389130108380000000	-0.112286819754112320000000

-0.469216957314085750000000	-1.389503859812214200000000	-1.456292455015284700000000	0.073042384339936539000000	0.542447325691925220000000	0.021059535211531075000000
0.668167384607348480000000	-0.965754278200390060000000	1.012244452022532700000000	-0.975610314616714210000000	0.926321725267968080000000	-0.704583026190432890000000

4.458763356060321000000000	-0.002798333164430397800000
-0.002615019112324902500000	4.472487308509673000000000
=======
2.946311390503193905487933	-1.707944264882261142801667	0.835116337843210265745597	-0.285489725422871543081271	0.304213941819318212100853	-0.163331099908312044055592
1.171526658526810260596562	-0.472496579425918883377022	-0.003667068771462197833422	0.056059591047847349976063	0.080464211219983927669830	0.097662891063561269033855
-1.932231449537337386601621	0.953752050543047902309013	-0.507454639305677579486087	-0.254093500803732774695476	-0.277231604922535512791626	-0.008302732069166613576572
1.413790251851272383731839	0.017186294908300089184783	1.459059992221573232029641	0.560203703708919587000992	0.106640486713520304951075	-0.029994569524589030640183
0.051269821199806775435803	1.778614718429485597184225	2.466891540782823799560219	2.578221001330792905292810	1.306541234407742946288522	0.264293970785434095827071
-0.886991068228637713488638	0.690170886775346215102900	0.972501984369111838191202	0.786058736735394170125346	0.690120421193218036570727	0.143182143097756342520199

-0.066763960428457752582787	0.927920588062540740992290
-0.214928417207952526801762	-0.187934905520659834010644
-0.382350362383504283059210	-0.102472767272773032654065
-0.559445940368297645051143	0.108860188879053271238107
-0.622230868165754347209884	-0.045699024774978953822302
-0.173902380823050373148675	-0.084451624295046587298508

-0.319407909300149450704254	-0.860412894065573419233317	-0.550983045735010001919818	0.609804832038557065310158	0.244320647820199104982564	-0.213985017183256215345111
-0.015284843088820276868489	-0.317233261694503276828527	0.493841196193409714965128	-0.540102254688289651340938	0.541341894408441159924905	-0.859445208596196219552610

4.037568954579372260127457	-0.002524543246140702624364
-0.002383041808749247932042	4.052912512208790118961588
>>>>>>> Stashed changes
