0

0.100

-0.033495700000000003249134	-0.745076999999999989299226	0.000000000000000000000000	0.000000000000000000000000
0.745076999999999989299226	-0.033495700000000003249134	0.000000000000000000000000	0.000000000000000000000000
0.000000000000000000000000	0.000000000000000000000000	0.998592999999999952898122	0.000000000000000000000000
0.000000000000000000000000	0.000000000000000000000000	0.000000000000000000000000	0.999333999999999944563456

0.063889299999999996093614	0.036722100000000000574740
-0.010900599999999999872857	0.055674800000000003452616
-0.000417212999999999991415	-0.000015471799999999999827
-0.000180196999999999996067	-0.000299377999999999992210

-0.328419000000000016470381	-0.444392999999999982474463	1.537539999999999906776793	-17.729500000000001591615728
-1.283109999999999972786213	1.326629999999999975912601	-12.959899999999999309352461	-8.594400000000000261479727

0.000000000000000000000000	0.000000000000000000000000
0.000000000000000000000000	0.000000000000000000000000

1.000000000000000000000000	0.000000000000000000000000
0.000000000000000000000000	1.000000000000000000000000

0.250000000000000000000000	0.000000000000000000000000
0.000000000000000000000000	0.250000000000000000000000

0.399999999999999911182158	0.000000000000000000000000
0.000000000000000000000000	0.399999999999999911182158

1.000000000000000000000000	0.000000000000000000000000
0.000000000000000000000000	1.000000000000000000000000

4
0.876125155587264781154033	-1.599455660731799788720764	0.274515734944297706832117	-0.610587869683219985894596
-0.025341007877852102236904	0.366698476525503080925006	0.163008168985450424548489	-0.413009484955503658465403
0.093026405452404717366655	0.842337051464468133943342	0.569155761080848088262485	-1.425193332119920608391794
0.000000391210134864389371	-0.000018017643245533166731	-0.000014699722365190036685	0.000022366164642809506535

-0.344118519885938389801794	-0.109937131554102188180089
0.276951501845128567058651	-0.089242424622446470117154
0.062002111833107602378856	-0.303607535652320958963202
-0.000001841008223262926338	0.224412189092936364964714

-0.015117961746749045484628	-0.129536642566344950555646	0.056754341648950386300942	0.330630494049020562385977
0.010792058769701169326782	0.179766965300724529397414	-0.039022518344224980946233	-0.173458884383811462459590

-0.037244779180477929902970	0.011041793948860886831476
-0.017022778560292949751043	0.075524346349171031511638
